-688 -63 -1016 -1624 -5712 -1188 -525 -717 -1408 -1725 
-301 -236 -493 -1036 -415 -801 -106 -762 -263 -935 -289 -24 54 
-776 -349 -704 490 37 133 -1646 -1185 521 472 111 -832 -1591 
4971 715 4325 602 119 -1206 -8238 421 -3945 2148 -6279 -5576 2270 
820 694 -245 780 -152 -133 -2091 -727 -1485 565 -1082 -562 -1170 
7434 1040 4504 -4838 1737 -1329 2465 791 -1713 2100 -6627 218 7914 
1698 935 849 -1492 382 -1075 1278 -289 -1273 599 -926 75 1967 
368 -420 -84 722 -1049 84 -1268 -1319 -327 381 -981 -317 -1498 
-125 54 -203 334 -269 -763 -1274 334 -917 394 -946 -1151 -305 
847 126 185 -1630 67 -1090 811 289 -978 -649 -955 -117 923 
-546 -2222 214 -245 736 -130 313 -1164 2451 -140 -613 -1226 36 
698 -517 -1026 9249 1055 -1860 440 373 -523 88 722 
